siamese-gnn-fold-3_90.npz: [0.41, 0.7775, 0.8375]
siamese-gnn-fold-1_90.npz: [0.400990099009901, 0.7425742574257426, 0.8663366336633663]
siamese-gnn-fold-2_90.npz: [0.4675, 0.8175, 0.895]
siamese-gnn-fold-4_90.npz: [0.3525, 0.7175, 0.815]
siamese-gnn-fold-0_90.npz: [0.4084158415841584, 0.75, 0.8341584158415841]
